mongo.db=pfiuade
mongo.host=127.0.0.1
mongo.port=27017

#( x km / 6378 km ) ==> 2km = 2/6378 = 0.000313578
sessions.active.radius=0.000313578
